26.7500000000000000,1.4500000000000000
26.7500000000000000,1.4500000000000000
26.7500000000000000,1.4500000000000000
26.7500000000000000,1.4559050621345029
24.6734699707031240,1.7548488326937135
19.7607722167968767,1.7825288114491959
17.7852033691406248,1.7843741433662281
17.7327546386718780,1.7851122761330409
17.8026862792968750,1.7858504088998537
17.8551350097656254,1.7869576080500731
17.8901008300781257,1.7880648072002923
17.9250666503906260,1.7965533340186404
17.9775153808593728,1.7976605331688595
18.0299641113281268,1.7832669442160087
17.9600324707031263,1.7766237493146928
17.9425495605468761,1.7714568199470029
17.9425495605468761,1.7681352224963449
17.8901008300781257,1.7655517578125000
17.7852033691406248,1.7666589569627194
17.6977888183593777,1.7659208241959063
17.6977888183593777,1.7659208241959063
17.6628229980468774,1.7659208241959063
17.6278571777343771,1.7651826914290936
17.6103742675781270,1.7640754922788742
17.5754084472656267,1.7640754922788742
17.5754084472656267,1.7633373595120614
17.5754084472656267,1.7622301603618422
17.5754084472656267,1.7603848284448098
17.5928913574218768,1.7607538948282162
17.6977888183593777,1.7596466956779970
17.5404426269531299,1.7300000000000000
17.4180622558593754,1.7000000000000000
17.3830964355468751,1.6950000000000001
17.3481306152343748,1.6899999999999999
17.3306477050781247,1.6830000000000001
17.2956818847656280,1.6799999999999999
17.2432331542968740,1.6499999999999999
17.2956818847656280,1.6419999999999999
17.2781989746093778,1.6415454529879385
17.3131647949218745,1.6397001210709063
17.3131647949218745,1.6330569261695906
17.3306477050781247,1.6271518640350877
17.2781989746093778,1.6205086691337718
17.3131647949218745,1.6134964078490497
17.3306477050781247,1.6064841465643274
17.2607160644531277,1.5957812214455409
17.2956818847656280,1.5887689601608188
17.6278571777343771,1.5791732341922513
17.8551350097656254,1.5706847073739034
18.1873103027343745,1.5644105788559941
18.4320710449218765,1.5570292511878654
18.7292805175781254,1.5511241890533625
18.9740412597656274,1.5481716579861111
19.2362849121093760,1.5444809941520468
19.4810456542968780,1.5411593967013888
19.7782551269531268,1.5415284630847952
20.0055329589843751,1.5396831311677630
20.1803620605468765,1.5404212639345760
20.4426057128906251,1.5385759320175438
20.6698835449218770,1.5359924673336987
20.9670930175781294,1.5363615337171053
21.1943708496093777,1.5337780690332601
21.3866828613281257,1.5323018034996345
21.6664094238281280,1.5300874051991957
21.9111701660156299,1.5267658077485380
22.1209650878906245,1.5215988783808478
22.2783112792968794,1.5190154136970029
22.3657258300781265,1.5149556834795321
22.5930036621093748,1.5090506213450292
22.7503498535156297,1.5046218247441521
22.8727302246093771,1.5009311609100877
22.9951105957031245,1.4983476962262428
23.1349738769531257,1.4957642315423976
23.3098029785156271,1.4928117004751462
23.4147004394531280,1.4917045013249268
23.5370808105468754,1.4913354349415204
23.5895295410156294,1.4902282357913010
23.7293928222656234,1.4902282357913010
23.8517731933593780,1.4909663685581140
23.9391877441406251,1.4917045013249268
24.1489826660156268,1.4924426340917398
24.2363972167968740,1.4920735677083332
24.3412946777343748,1.4902282357913010
24.4112263183593754,1.4905973021747077
24.5510895996093765,1.4891210366410819
24.6210212402343771,1.4894901030244883
24.6909528808593777,1.4872757047240497
24.8133332519531251,1.4850613064236111
24.9357136230468726,1.4835850408899853
24.9706794433593799,1.4813706425895468
25.0231281738281268,1.4787871779057016
25.1804743652343745,1.4754655804550438
25.2329230957031285,1.4739893149214180
25.3378205566406294,1.4728821157711987
25.3727863769531226,1.4710367838541665
25.3902692871093763,1.4706677174707603
25.3902692871093763,1.4691914519371343
25.4776838378906234,1.4684533191703215
25.5825812988281243,1.4688223855537281
25.6350300292968782,1.4706677174707603
25.6175471191406245,1.4699295847039473
25.7224445800781254,1.4695605183205409
25.7748933105468794,1.4706677174707603
25.8098591308593726,1.4702986510873537
25.8448249511718728,1.4714058502375731
25.8797907714843731,1.4702986510873537
25.9322395019531271,1.4699295847039473
25.9846882324218740,1.4691914519371343
26.0196540527343743,1.4677151864035087
26.0546198730468745,1.4662389208698829
26.0721027832031282,1.4647626553362572
26.1595173339843754,1.4632863898026316
26.1944831542968757,1.4621791906524122
26.2644147949218763,1.4618101242690058
26.2644147949218763,1.4603338587353800
26.2469318847656226,1.4584885268183478
26.3343464355468768,1.4581194604349415
26.3343464355468768,1.4577503940515351
26.3518293457031234,1.4592266595851608
26.3693122558593771,1.4581194604349415
26.3343464355468768,1.4573813276681287
26.3867951660156237,1.4570122612847221
26.4742097167968780,1.4577503940515351
26.4392438964843777,1.4588575932017542
26.4392438964843777,1.4584885268183478
26.4392438964843777,1.4588575932017542
26.5091755371093782,1.4595957259685672
26.5441413574218785,1.4584885268183478
26.5441413574218785,1.4592266595851608
26.5266584472656248,1.4588575932017542
26.5965900878906254,1.4577503940515351
26.6315559082031257,1.4573813276681287
26.6665217285156260,1.4581194604349415
26.6490388183593794,1.4551669293676901
26.5965900878906254,1.4536906638340643
26.6315559082031257,1.4529525310672513
26.6315559082031257,1.4514762655336257
26.6665217285156260,1.4514762655336257
26.6665217285156260,1.4503690663834063
26.6665217285156260,1.4503690663834063
26.6665217285156260,1.4511071991502191
26.6840046386718726,1.4507381327668127
26.6665217285156260,1.4507381327668127
26.7014875488281263,1.4503690663834063
26.6840046386718726,1.4511071991502191
26.7014875488281263,1.4525834646838449
26.7714191894531268,1.4529525310672513
26.7714191894531268,1.4529525310672513
26.7539362792968731,1.4522143983004385
26.7014875488281263,1.4514762655336257
26.7889020996093734,1.4514762655336257
26.7714191894531268,1.4529525310672513
26.7889020996093734,1.4507381327668127
26.7364533691406265,1.4500000000000000
26.7714191894531268,1.4496309336165936
26.7714191894531268,1.4488928008497806
26.8063850097656271,1.4488928008497806
26.7889020996093734,1.4481546680829678
26.7364533691406265,1.4474165353161550
26.7714191894531268,1.4474165353161550
26.7364533691406265,1.4466784025493420
26.7889020996093734,1.4463093361659356
26.7364533691406265,1.4466784025493420
